0.218018
0.542425
0.0765858
0.508933
0.662951
0.897765
0.635504
0.315952
0.616347
0.334569
0.0849632
0.0589063
0.190006
0.416057
0.45885
0.334569
0.586566
0.416057
0.123464
0.542425
1.15899
0.508933
0.174754
0.509179
0.218018
0.339071
1.36126
0.2306
0.388344
0.0829852
0.586566
0.334569
0.677102
0.211268
0.0755244
1.36126
0.586566
0.275442
0.416057
0.366725
0.19432
0.0733648
0.677102
0.00550813
0.586566
0.239446
0.105451
0.509179
0.435768
0.581977
0.281403
0.315952
0.00990518
0.58187
0.141881
0.122669
0.106804
1.45308
0.141881
0.224885
0.413476
0.00990518
0.281403
0.366725
0.338428
0.339071
0.435768
0.0849632
0.210058
0.231601
0.635504
0.338428
0.275442
0.581977
0.5931
0.205867
0.410889
0.410889
0.0765858
0.00549916
0.339071
0.281403
0.388344
0.531097
0.0802311
1.24026
0.210058
0.649021
0.635504
0.281403
0.338428
0.00990518
0.105451
0.218018
0.0765858
0.338428
1.36126
1.45308
0.45885
0.0765858
0.58187
0.0120347
0.897765
0.542425
0.45885
0.281403
0.190006
0.416057
0.00990518
0.45885
0.109606
0.123464
0.174754
0.265917
0.435768
0.564698
0.210561
0.586566
0.677102
0.334569
