0.272363
0.0733648
1.12351
0.435768
0.321396
0.275442
0.24327
0.58187
0.106999
0.0589063
0.586566
0.649021
0.338428
0.0802311
0.2306
0.224885
0.388344
0.410889
0.281403
0.416057
0.0849632
0.210058
0.388344
0.5931
1.36126
0.105451
0.109606
0.519671
0.105451
0.281403
0.321396
0.388344
0.542425
0.0849632
0.410889
0.141881
0.2306
0.410889
0.265917
0.0765858
0.0120347
0.00550813
0.662951
0.106999
0.122669
0.616347
0.00990518
0.0120347
0.141881
0.388344
0.122669
0.00549916
0.123464
0.0589063
0.272363
0.315952
0.210058
0.210561
0.388344
0.413476
0.519671
0.122669
0.0120347
1.34686
0.275442
0.338428
0.366725
0.123464
0.589217
0.581977
0.413476
0.0755244
0.24327
0.275442
0.5931
0.265917
0.00550813
0.564698
0.339071
0.338428
0.249748
0.674208
0.00994353
0.0918171
0.00990518
0.0765858
0.388344
0.249748
0.2306
0.508933
0.635504
0.321396
1.49235
0.0589063
1.89787
0.122669
0.416057
0.0755244
0.281403
0.24327
0.0765858
0.231601
0.677102
0.635504
0.210058
0.0849632
0.109606
0.531097
0.0802311
0.388344
0.413476
0.24327
0.0918171
0.24327
0.58187
0.205867
0.0120347
0.45885
1.34686
0.410889
