0.540729
0.521276
0.57809
0.443008
0.00991407
0.0899205
0.541694
1.15099
0.615989
0.644978
0.0431807
0.183296
0.466464
0.217315
0.234474
0.107879
0.646591
0.1627
0.595389
0.43982
0.231925
0.190462
0.62523
0.567334
0.0697593
0.0884359
0.190462
0.217315
1.48507
0.743424
0.742047
0.394039
0.729744
0.234474
0.743424
0.476227
0.0431807
0.466464
0.768456
0.00550169
0.644978
0.0431807
0.430074
0.514066
0.443008
0.768456
0.57809
0.541694
0.0756774
0.729744
0.541694
0.826287
0.0844454
0.258213
0.103919
0.394039
0.534973
0.510256
1.16224
0.443008
0.646591
0.521276
0.646591
0.0697593
0.0697593
0.0756774
0.432822
0.0979556
0.459028
0.146799
0.743424
0.00995249
0.729744
0.826701
0.00991407
0.235318
0.615989
0.0884359
0.541694
0.143785
0.0884359
0.541694
0.646591
0.0871438
0.615989
0.1627
1.28196
0.742047
0.949289
0.143605
0.615989
0.215517
1.48507
0.231925
0.566675
0.0844454
0.510256
0.521276
0.0844454
0.269392
0.0431807
0.00550169
0.132677
0.650629
0.335946
0.476227
1.29012
0.0697593
0.143605
0.234474
0.00995249
0.0120553
0.00551259
0.146799
0.729744
0.466464
1.48507
0.132677
0.826701
0.118124
