0.109606
0.109606
0.0589063
1.34686
0.123464
0.218018
0.522478
1.24026
0.190006
0.231601
0.391002
0.0765858
0.522478
1.26918
0.508933
0.581977
0.265917
0.339071
1.15899
0.965288
1.12351
0.2306
0.509179
0.122669
1.12351
0.338428
0.281403
0.0755244
0.239446
0.275442
0.589217
0.635504
0.190006
0.410889
0.281403
0.427323
0.388344
0.2306
1.89787
1.15899
0.228911
0.228911
0.0733648
0.965288
0.542425
0.338428
0.109606
0.334569
0.239446
0.281403
0.334569
0.0918171
0.45885
0.00994353
0.174754
0.109606
0.0589063
0.410889
0.281403
0.5931
0.616347
0.5931
0.531097
0.366725
0.5931
1.24026
0.00994353
0.321396
0.0120347
0.265917
0.339071
0.366725
0.0849632
0.334569
0.0829852
1.15899
0.427323
0.616347
1.12351
0.0733648
0.239446
0.210058
0.105451
0.211268
0.542425
0.649021
0.210561
1.24026
0.508933
0.24327
0.105451
0.509179
0.224885
0.265917
0.509179
0.581977
0.190006
0.0765858
1.24026
0.581977
0.5931
0.224885
0.581977
1.89787
0.0589063
0.105451
0.190006
0.897765
0.542425
0.334569
0.635504
0.123464
0.281403
0.410889
0.586566
0.410889
0.2306
0.265917
0.531097
0.00990518
