0.000275771
0.000375408
3.199e-06
0.000283038
0.000225999
0.000424279
0.000375408
0.000428375
0.000384465
0.000266385
0.000369266
0.000241939
0.000413443
0.000362981
0.000335879
0.000438594
0.000345882
0.000442817
0.000275771
0.000406675
0.000338763
0.000266385
0.000355024
0.000266385
0.000280337
0.000359587
0.000343553
0.000143999
0.000305115
0.000435299
0.000326153
0.000412529
0.00042026
0.000308361
0.000358091
0.00026123
0.000241939
0.000308361
0.000171789
0.000384465
0.000438594
0.000369266
0.000400036
0.000363814
0.000353066
0.000266385
0.000143999
0.000412529
0.000432533
0.00039742
0.00042026
0.000366035
0.000369539
0.000308361
0.000458362
0.000362981
0.000355024
3.199e-06
0.000363814
0.000341454
0.000458362
0.000266385
0.000416505
0.00040175
0.000335859
0.000271157
3.199e-06
0.000413443
0.000409206
0.000391194
0.000369539
0.000363814
0.000363814
0.000346772
0.000341454
0.000343553
0.000416254
0.000384465
0.000355024
0.000308361
0.000272963
0.000343553
0.000358091
0.000338763
0.00040175
0.000346772
0.000366035
0.000369266
0.000362981
3.199e-06
0.000225999
0.000358091
0.000271157
0.000308168
0.000413443
0.000241939
0.000406675
0.000375408
0.000338763
0.000369266
0.000280337
3.199e-06
0.000362981
0.000346772
0.000332874
0.000442817
0.000335237
0.000413443
0.000416254
0.000369539
0.000375408
0.000305115
0.000435803
0.000413443
0.000349308
3.199e-06
0.000267201
0.000420113
0.000363814
0.000341454
