3.68175e-05
2.35429e-05
4.0256e-05
2.65309e-05
3.82152e-05
3.7901e-05
3.91583e-05
3.18452e-05
3.2e-07
2.16005e-05
4.03672e-05
3.24138e-05
2.2496e-05
1.44003e-05
3.61303e-05
2.85143e-05
3.2e-07
3.90029e-05
2.2e-05
4.27568e-05
3.18452e-05
4.12775e-05
3.51144e-05
3.98888e-05
2.66134e-05
3.92128e-05
3.085e-05
3.2e-07
3.81285e-05
3.24138e-05
2.65309e-05
3.35938e-05
3.70403e-05
3.13e-05
2.2e-05
1.44003e-05
2.95543e-05
2.9535e-05
2.2e-05
2.72778e-05
1.44003e-05
2.2496e-05
3.51144e-05
2.16005e-05
3.33456e-05
2.65309e-05
3.85951e-05
3.99413e-05
3.95873e-05
3.87116e-05
2.2e-05
3.2e-07
3.87116e-05
3.2e-07
3.18452e-05
3.95219e-05
3.95219e-05
3.91583e-05
3.7726e-05
3.74202e-05
3.93095e-05
1.61e-05
1.44003e-05
2.45334e-05
2.85143e-05
4.05745e-05
3.13e-05
3.53927e-05
3.53927e-05
2.16005e-05
3.98676e-05
2.34948e-05
3.2e-07
3.1936e-05
3.49956e-05
3.085e-05
3.10339e-05
3.23076e-05
3.13e-05
2.85143e-05
4.12775e-05
3.23076e-05
4.50954e-05
3.60475e-05
3.2e-07
2.85143e-05
3.2e-07
3.95219e-05
2.34948e-05
4.27568e-05
3.60475e-05
3.7726e-05
3.61303e-05
4.13928e-05
3.2e-07
2.65309e-05
1.44003e-05
2.66134e-05
4.12775e-05
3.10339e-05
3.85951e-05
3.2e-07
4.03672e-05
4.06363e-05
3.82152e-05
3.18452e-05
4.00728e-05
3.00445e-05
3.6384e-05
4.01151e-05
3.61303e-05
2.85143e-05
3.91583e-05
3.10339e-05
3.03876e-05
4.08849e-05
3.60475e-05
2.16005e-05
3.24138e-05
2.35429e-05
