2.812e-05
3.72068e-05
3.60475e-05
4.16265e-05
3.2e-07
3.23076e-05
2.65309e-05
2.35429e-05
3.23076e-05
3.60475e-05
3.085e-05
3.87679e-05
2.85143e-05
1.44003e-05
4.01792e-05
4.16265e-05
3.8953e-05
2.2e-05
4.0199e-05
2.9535e-05
3.43826e-05
3.70174e-05
3.49956e-05
3.03876e-05
3.23076e-05
4.01792e-05
3.60548e-05
3.70174e-05
3.90181e-05
1.61e-05
2.2496e-05
3.87679e-05
3.10339e-05
2.66134e-05
2.9535e-05
3.66594e-05
3.90181e-05
1.44003e-05
3.68175e-05
3.86902e-05
3.2e-07
3.67168e-05
3.1936e-05
3.60475e-05
3.23076e-05
3.86902e-05
3.66594e-05
4.16513e-05
2.2496e-05
3.64887e-05
3.8953e-05
3.29856e-05
3.84529e-05
3.86902e-05
4.0199e-05
3.90181e-05
2.66134e-05
1.44003e-05
3.66594e-05
4.01792e-05
3.52763e-05
3.6424e-05
3.87679e-05
3.54936e-05
3.10339e-05
3.06889e-05
3.43826e-05
3.03876e-05
2.812e-05
3.66594e-05
3.86949e-05
3.085e-05
3.6384e-05
3.33456e-05
1.44003e-05
1.61e-05
3.52763e-05
4.10667e-05
3.70174e-05
3.38e-05
2.2496e-05
3.83999e-05
2.85143e-05
2.66134e-05
1.61e-05
3.82112e-05
3.2e-07
2.2e-05
2.2e-05
4.03829e-05
3.1936e-05
3.1936e-05
3.64887e-05
3.72068e-05
3.84529e-05
2.85143e-05
2.35429e-05
3.54936e-05
3.60475e-05
3.87679e-05
3.66594e-05
3.2e-07
3.6424e-05
4.03672e-05
3.38e-05
3.18452e-05
3.38e-05
3.33456e-05
2.2496e-05
2.66134e-05
3.70174e-05
3.06889e-05
4.0199e-05
3.79749e-05
2.34948e-05
3.13e-05
3.76356e-05
3.70174e-05
4.09272e-05
2.85143e-05
