0.000349308
0.000335237
0.000411237
0.000348493
0.000271439
0.000280337
0.000327467
0.000386569
0.000272963
0.000283038
0.000419868
0.000422976
0.000339023
0.000335879
0.000266385
0.000329265
0.000355024
0.000362981
0.000345882
0.00026123
0.000241939
0.000369266
0.000355024
0.000404788
0.000426793
0.000400088
0.000332874
0.000343553
0.000400088
0.000345882
0.000271439
0.000355024
0.000369539
0.000241939
0.000362981
3.199e-06
0.000266385
0.000362981
0.000271157
0.000341454
0.000225999
0.000391194
0.000408107
0.000272963
0.000171789
0.000379318
0.000143999
0.000225999
3.199e-06
0.000355024
0.000171789
0.000215999
0.000338763
0.000283038
0.000349308
0.000335859
0.000369266
0.000308168
0.000355024
3.199e-06
0.000343553
0.000171789
0.000225999
0.000409206
0.000280337
0.000339023
0.000353066
0.000338763
0.000418042
0.000391545
3.199e-06
0.000275771
0.000327467
0.000280337
0.000404788
0.000271157
0.000391194
0.000406441
0.000366035
0.000339023
0.000380799
0.000414456
0.000143999
0.000251428
0.000143999
0.000341454
0.000355024
0.000380799
0.000266385
0.000409534
0.000399501
0.000271439
0.000420941
0.000283038
0.000432144
0.000171789
0.00026123
0.000275771
0.000345882
0.000327467
0.000341454
0.000392275
0.00039931
0.000399501
0.000369266
0.000241939
0.000332874
0.000415097
0.000335879
0.000355024
3.199e-06
0.000327467
0.000251428
0.000327467
0.000386569
0.000308361
0.000225999
0.000413443
0.000409206
0.000362981
