0.000297599
0.000332874
0.000335859
0.000171789
0.000308361
0.000416017
0.000375408
0.000143999
0.000171789
0.000271157
0.000299748
0.000271439
0.000283038
0.000362981
3.199e-06
0.000408107
0.000271439
0.000382677
0.000339023
0.000348493
0.000171789
0.000369539
0.000416254
3.199e-06
0.000353066
0.000308361
0.000143999
0.000339023
0.000362981
0.000338763
0.000418042
0.000426793
0.000346772
0.000326153
0.000143999
0.000283038
0.000369539
0.000251428
0.000382677
0.000251428
0.000375408
0.000408107
0.000339023
0.000353066
0.000406441
0.000413443
0.000416017
0.000171789
0.000349308
0.000413443
0.000409352
0.000297599
0.000422976
0.000391194
0.000171789
0.000409352
0.000415097
0.000345882
0.000335879
0.000332874
0.000379641
0.000414456
0.000332874
0.000143999
0.000349308
0.000335859
0.000345882
0.000418042
0.000341454
0.000441565
0.000283038
0.000369266
0.000345882
0.000271157
0.000369539
0.000299748
0.000275771
0.000416254
0.000406441
0.000399501
0.000380799
0.000297599
0.000375408
0.000400088
0.000349308
0.000267201
0.000280337
0.000379318
0.000350813
0.000375408
0.000382677
0.000332874
0.000399501
0.000338763
0.000339023
0.000345882
0.000366035
0.000283038
0.000386569
0.000418042
0.000339023
0.000406441
0.000413443
3.199e-06
0.000332874
0.000171789
0.000382677
0.000171789
0.000346772
0.000379318
0.000341454
0.000404788
0.000345882
0.000391194
0.000344967
0.000344967
0.000271439
0.000308361
0.000266385
0.000343553
