1.32625
0.00550813
0.542425
0.382388
0.299851
0.211268
0.416057
1.34686
0.0849632
1.32625
0.2306
0.45885
0.339071
1.42008
0.258171
0.416057
0.109606
0.0802311
0.372639
0.737269
1.34686
0.628377
0.106804
0.321396
0.57778
0.643919
0.141881
0.965288
0.00990518
0.315952
1.32625
0.965288
0.224885
0.315952
0.239446
0.105451
0.0829852
0.0765858
0.281403
0.00994353
0.45885
1.42008
0.210058
0.542425
0.109606
0.122669
0.380682
1.32625
0.275442
0.511743
0.0765858
0.372639
0.210561
0.505232
0.416057
0.766514
0.205867
0.0589063
0.00990518
0.299851
1.34686
0.272363
0.519671
0.643919
0.519671
0.00549916
0.0733648
0.628377
0.2306
0.281403
0.542425
0.416057
0.272363
0.643919
0.224885
0.628377
0.299851
0.258171
0.380682
0.0733648
0.654984
0.410889
0.427323
1.42008
0.542425
0.335809
0.00549916
0.00994353
0.211268
0.211268
0.818056
0.410889
0.0589063
0.382388
0.190006
1.42008
1.32625
0.2306
0.548049
0.0589063
0.57778
0.413476
0.210058
0.413476
0.366725
0.105451
0.174754
0.0765858
0.818056
0.0589063
0.281403
0.45885
0.00549916
0.0755244
0.211268
0.00994353
0.544395
0.106999
0.0589063
1.01835
