0.422396
0.1627
0.0917037
0.132677
0.369298
0.183296
0.0844454
0.54753
0.541694
0.183296
0.62723
0.43982
0.393135
0.304184
0.0871438
0.0959749
0.422396
0.599475
0.31024
0.146799
0.0120553
1.50384
0.217315
0.62723
0.536462
0.54753
0.181841
0.422396
0.541694
0.544027
0.215517
0.534945
0.304184
0.855871
0.430074
0.422396
0.709275
1.0487
0.43982
0.258213
0.643682
0.393135
1.50384
0.304184
0.234474
0.0120553
0.0871438
0.258213
0.143785
1.50384
0.235318
0.0899205
0.31024
0.541694
0.836489
0.143785
0.393135
0.0959749
0.19013
0.0917037
0.132677
0.132677
0.541694
0.183296
1.0487
0.183296
0.393135
1.0487
1.04054
1.42111
0.0899205
0.599475
0.394039
0.82619
0.146799
0.599475
0.351171
0.064595
0.143605
0.0917037
0.0871438
0.611716
0.215517
1.20854
0.132677
0.064595
0.552478
0.836489
0.369298
0.709275
0.0844454
0.0120553
0.31024
1.17033
0.394039
0.430074
0.190462
0.552478
1.04054
0.143785
0.544027
0.234474
0.1627
0.123545
0.534945
0.0871438
0.476215
0.31024
1.66399
0.146799
0.146799
1.20854
0.123545
1.42111
0.181841
0.143785
0.552478
0.31024
0.422396
0.234474
