3.199e-06
0.000352621
0.000275771
0.000345882
0.000335879
0.000332874
0.000335859
0.00039742
0.000345882
0.000418881
0.000271157
0.000375408
0.000400088
0.000341454
0.000392542
0.00026123
0.000359587
0.000390403
0.000353066
0.000143999
0.00043443
0.000225999
0.000251428
0.000406675
0.000143999
0.000271439
0.000373074
0.000344967
0.000271439
0.000413443
0.000251428
0.000283038
0.000346772
0.000215999
0.000280337
0.000369539
0.000283038
0.000329265
0.000283038
0.000329265
0.00039742
0.000266385
0.000373074
0.000266385
0.000436558
0.000334333
0.000349308
0.000283038
0.000375408
0.000401731
0.000401731
0.000308168
0.000308361
0.000143999
0.000326153
0.000338763
0.000375408
0.000225999
0.000410154
0.000392542
0.000350813
0.000280337
0.000401067
0.000392542
0.000283038
0.000369539
0.000392542
0.000341454
0.000171789
0.00043443
0.000326153
0.00026123
0.000215999
0.000143999
0.000334333
0.000369266
0.000375408
3.199e-06
0.000401731
0.000326153
0.000441435
0.000413443
0.000369539
0.000436558
3.199e-06
0.000326153
0.000369266
0.000410154
0.000335237
0.000390403
0.000171789
0.000334333
0.000280337
0.000341454
0.000447954
0.000341454
3.199e-06
0.000369539
0.000362981
0.000327467
0.000329265
0.000305115
0.000275771
0.000373074
0.000329265
0.000401067
0.000308361
0.000392542
0.00026123
0.000420682
0.000271157
0.000400088
0.000427925
0.000275771
0.000329265
3.199e-06
0.00026123
0.000369266
0.000345882
0.000241939
