3.15512e-05
3.33456e-05
3.91583e-05
3.61303e-05
4.12775e-05
3.91583e-05
3.15512e-05
3.51144e-05
2.72778e-05
3.68957e-05
3.91171e-05
3.2e-07
3.63069e-05
2.16005e-05
4.14306e-05
4.13606e-05
3.91171e-05
4.05745e-05
3.2e-07
3.2e-07
3.89475e-05
3.6384e-05
3.71782e-05
1.61e-05
3.68957e-05
3.24138e-05
3.58092e-05
3.2e-07
3.58092e-05
3.81224e-05
2.2496e-05
2.45334e-05
2.22527e-05
3.2e-07
3.93232e-05
1.44003e-05
3.10339e-05
3.54936e-05
3.2e-07
3.2e-07
3.2e-07
2.45334e-05
4.12775e-05
2.95543e-05
3.6384e-05
3.06889e-05
3.78987e-05
3.30765e-05
3.87116e-05
3.085e-05
3.97272e-05
3.70744e-05
3.03876e-05
4.16866e-05
4.14306e-05
4.20208e-05
2.2496e-05
3.2e-07
3.91583e-05
3.81285e-05
3.85807e-05
4.12775e-05
3.085e-05
3.2e-07
2.2e-05
3.81224e-05
3.00445e-05
3.7726e-05
2.65309e-05
3.68175e-05
3.7726e-05
2.34948e-05
4.20208e-05
1.44003e-05
3.99072e-05
4.00728e-05
2.85143e-05
3.03876e-05
3.91583e-05
3.68957e-05
3.60475e-05
3.6384e-05
3.6424e-05
2.85143e-05
4.11981e-05
2.65309e-05
1.61e-05
2.72778e-05
2.2496e-05
4.20208e-05
2.9535e-05
3.90091e-05
3.85807e-05
4.29559e-05
2.95543e-05
3.61303e-05
3.60475e-05
4.20208e-05
3.48994e-05
2.65309e-05
3.74202e-05
3.94925e-05
4.26648e-05
3.33456e-05
4.29559e-05
4.13606e-05
3.35938e-05
3.97272e-05
3.46213e-05
3.90091e-05
3.06889e-05
1.61e-05
2.2e-05
2.2e-05
3.68957e-05
2.35429e-05
2.2496e-05
3.70744e-05
3.03876e-05
4.09272e-05
