0.00664354
0.00176492
0.00976889
0.00374113
0.00176492
0.00950224
0.00268858
0.00374166
0.00773578
0.00558737
0.00663332
0.00473605
0.00176492
0.00375484
0.0077203
0.00976823
0.00567299
0.00560678
0.0010448
0.00773578
0.00274385
0.00870455
0.00570397
0.00375484
0.00663332
0.0077203
0.00661896
0.00457304
0.0061872
0.00176492
0.00770814
0.00758598
0.00463575
0.0106843
0.00463575
0.00669513
0.00259677
0.0105648
0.00171698
0.0106843
0.0016598
0.00577627
0.0092584
0.00965111
0.00274379
0.00176492
0.0106773
0.00572127
0.00374166
0.0086694
0.00272724
0.00467845
0.00950224
0.0077203
0.00572127
0.00661896
0.00473605
0.0016598
0.00570397
0.00171278
0.00570397
0.00675464
0.00375484
0.00473605
0.00950224
0.00173122
0.00469332
0.0077203
0.00671637
0.0077203
0.00758598
0.00558737
0.0020448
0.00360676
0.00965111
0.00572127
0.0107257
0.00467845
0.0016598
0.0100448
0.0106483
0.0106773
0.0077203
0.0107257
0.00268858
0.00675495
0.00173122
0.0106843
0.00274379
0.00558737
0.00377119
0.0100448
0.0082584
0.00570397
0.00369591
0.00171698
0.00770814
0.00362142
0.00770814
0.00773997
0.00770814
0.0106483
0.0087362
0.00965111
0.0010448
0.00661896
0.00870455
0.00369591
0.0077203
0.0016598
0.00174526
0.00171698
0.00950224
0.00374113
0.00870455
0.0106773
0.00558737
0.00671362
0.00770814
0.00965111
