0.0030719
0.00605618
0.00806068
0.00905189
0.00206785
0.00106783
0.00706236
0.00907089
0.00506718
0.00106783
0.00807118
0.00106755
0.0100726
0.00806504
0.00706393
0.00506495
0.0030719
0.00907425
0.00607603
0.00306574
0.00705492
0.00107283
0.00807097
0.00807118
0.00907201
0.00907089
0.00605722
0.0030719
0.00506718
0.00807099
0.00200448
0.00207087
0.00806504
0.00406891
0.00100448
0.0030719
0.00707535
0.00107176
0.00106755
0.00806582
0.00807313
0.0100726
0.00107283
0.00806504
0.00405676
0.00705492
0.00706393
0.00806582
0.00300448
0.00107283
0.010065
0.0020586
0.00607603
0.00506718
0.00607331
0.00300448
0.0100726
0.00506495
0.00905924
0.00806068
0.00905189
0.00905189
0.00506718
0.00106783
0.00107176
0.00106783
0.0100726
0.00107176
0.00407209
0.00207066
0.0020586
0.00907425
0.00105907
0.00306475
0.00306574
0.00907425
0.00706508
0.010055
0.0100605
0.00806068
0.00706393
0.00207032
0.00200448
0.00607452
0.00905189
0.010055
0.00907088
0.00607331
0.00206785
0.00707535
0.00706236
0.00705492
0.00607603
0.00107218
0.00105907
0.00100448
0.0100691
0.00907088
0.00407209
0.00300448
0.00807099
0.00405676
0.00605618
0.00306159
0.00207087
0.00706393
0.00407024
0.00607603
0.00207298
0.00306574
0.00306574
0.00607452
0.00306159
0.00207066
0.00605722
0.00300448
0.00907088
0.00607603
0.0030719
0.00405676
