0.0067817
0.00360676
0.00863131
0.00976889
0.00777696
0.00863131
0.00777696
0.00174526
0.0107563
0.00774313
0.00274379
0.00272724
0.00770814
0.00572127
0.00272724
0.00272724
0.0107257
0.0077203
0.0106483
0.00773578
0.00560678
0.0020448
0.00274385
0.00877787
0.00275131
0.0010448
0.00577627
0.00863887
0.0107563
0.00377119
0.0020448
0.00570397
0.00375484
0.00469332
0.00777696
0.00375484
0.00275131
0.0087362
0.00374113
0.00272724
0.00272724
0.00870455
0.00274385
0.00473605
0.00173122
0.00863131
0.00473605
0.00467845
0.00467845
0.00463575
0.0030448
0.0107257
0.00965111
0.00950224
0.0092584
0.00965111
0.00375484
0.00870455
0.0106773
0.00274385
0.0010448
0.00171698
0.0030448
0.00374166
0.00870455
0.00950224
0.00469332
0.0106773
0.005304
0.00360676
0.00570397
0.00777569
0.0105648
0.00965111
0.00259677
0.0061872
0.00976889
0.0107563
0.00675495
0.00570397
0.0030448
0.00661896
0.00558737
0.00272724
0.0085592
0.00950224
0.00773997
0.00176345
0.00976889
0.00176492
0.0077203
0.00272724
0.00377119
0.00176492
0.00570397
0.0106483
0.00570397
0.0107563
0.00272724
0.00976823
0.00777696
0.00457304
0.00176492
0.00773578
0.00469332
0.00362142
0.00577627
0.00774313
0.00377119
0.0087362
0.0010448
0.0086694
0.0087362
0.00567299
0.0106483
0.00671637
0.0010448
0.00965111
0.00172644
0.00274385
