0.00607178
0.00106783
0.00806504
0.00907088
0.00207066
0.0100726
0.00207087
0.00405676
0.00706393
0.00607603
0.00806504
0.00306475
0.0030719
0.00200448
0.00107178
0.00506495
0.00407024
0.00200448
0.00407175
0.00506495
0.00607603
0.00407209
0.0030719
0.00207298
0.00905924
0.00607452
0.00506495
0.0050749
0.00207298
0.00907201
0.00806068
0.010065
0.010055
0.0100726
0.00407161
0.00605722
0.00607331
0.00706393
0.00107176
0.00207298
0.00207066
0.00407209
0.00506718
0.00106806
0.0050734
0.00206977
0.00105907
0.00106783
0.00106806
0.00905189
0.00907201
0.00400448
0.00106755
0.0100691
0.00907088
0.00607603
0.00902584
0.00907088
0.00506495
0.00706508
0.00207032
0.00607603
0.00507284
0.010055
0.010055
0.00706236
0.00507284
0.00206068
0.00605618
0.00400448
0.00507284
0.00306902
0.00506718
0.00506495
0.0050734
0.00807099
0.00607331
0.00506718
0.00207032
0.00607178
0.00705492
0.010065
0.00907201
0.00607452
0.00907425
0.00100448
0.0020704
0.00307381
0.00407161
0.00506718
0.00106472
0.0100716
0.00706393
0.00107178
0.00106472
0.00605722
0.00706236
0.00905189
0.00605618
0.00706975
0.00307381
0.00407175
0.00806504
0.00607331
0.00706393
0.00107176
0.00306574
0.0100691
0.00407052
0.00106806
0.00706508
0.00407024
0.0090711
0.00106755
0.00407161
0.0100691
0.00306159
0.00300448
0.0100726
0.00200448
