0.0100448
0.0030448
0.00558737
0.00870455
0.00174526
0.00567299
0.0107257
0.00675344
0.00376821
0.00774993
0.00467845
0.0047257
0.0087362
0.00177864
0.00560678
0.00777569
0.00272724
0.0040448
0.00379552
0.00747253
0.00774993
0.00558737
0.0010448
0.0020448
0.00571192
0.0092584
0.00965111
0.00369591
0.00671362
0.00572127
0.0087362
0.00378606
0.0107257
0.00176492
0.00776236
0.00176492
0.00675464
0.0077203
0.00378015
0.00669513
0.00467845
0.0087362
0.0106773
0.0106773
0.0016598
0.00463575
0.00272724
0.00774993
0.00777818
0.00457304
0.0040448
0.0087362
0.00661896
0.00558737
0.0082584
0.00272724
0.00558737
0.00463575
0.00472882
0.00758598
0.00457304
0.0047257
0.00774993
0.0082584
0.0077203
0.00671637
0.005304
0.005304
0.00978476
0.0061872
0.00965111
0.00278208
0.00171698
0.00558737
0.00171698
0.00272724
0.00950224
0.00978476
0.00567299
0.00758598
0.00467845
0.0086694
0.00950224
0.00777569
0.00558737
0.0105648
0.00378606
0.00965111
0.0016598
0.00776236
0.0107257
0.00467845
0.00661896
0.00950224
0.0092584
0.00273575
0.00171698
0.00379552
0.00360676
0.0047257
0.00747253
0.0106773
0.00463575
0.00950224
0.00675344
0.00965111
0.00747253
0.00679684
0.00175818
0.0087362
0.00362142
0.00965111
0.0040448
0.00558737
0.00661896
0.00770814
0.0077203
0.00770814
0.00376821
0.0077203
