0.0020586
0.00905189
0.0060686
0.0100716
0.00106806
0.00405676
0.00607092
0.0090711
0.00607092
0.00106755
0.0100045
0.010055
0.00807099
0.00706984
0.00407439
0.010065
0.00507068
0.00506718
0.00806504
0.00207087
0.00806582
0.00506495
0.00905924
0.010055
0.00207373
0.0100716
0.00506495
0.00706984
0.00107214
0.0020673
0.00400448
0.0100605
0.00200448
0.010055
0.010065
0.00501872
0.00706508
0.00607178
0.00706393
0.00506495
0.00306574
0.00607178
0.00706393
0.00807278
0.00605618
0.00605618
0.0090711
0.00106755
0.0100045
0.00806504
0.010065
0.00506495
0.00506495
0.00407024
0.00907088
0.00601872
0.00100448
0.00306574
0.00407175
0.00707457
0.00306902
0.00807118
0.00407267
0.00100448
0.010065
0.00206068
0.00706904
0.00507236
0.00407267
0.00307244
0.00307244
0.00706508
0.00405676
0.010055
0.00807313
0.00706236
0.00607426
0.00307244
0.00306946
0.00807099
0.00207365
0.00907088
0.00605618
0.0020704
0.00807278
0.00506495
0.00706904
0.0100691
0.0100716
0.00207087
0.00605618
0.00207455
0.00706236
0.00407267
0.00807278
0.00706984
0.00306946
0.00405676
0.00706236
0.00905189
0.00405676
0.00206068
0.00507284
0.00306946
0.00106472
0.0020704
0.00802584
0.00806068
0.010055
0.00507236
0.00407267
0.0100728
0.00407024
0.00306946
0.00706508
0.00306902
0.00507068
0.00706984
0.00405676
0.00106783
