0.00272724
0.00268858
0.00870455
0.00378015
0.00463575
0.00777569
0.00272724
0.00863887
0.00880696
0.00950224
0.00268858
0.00675464
0.00378015
0.00268858
0.00378015
0.0077203
0.00273575
0.00278208
0.00378606
0.00558737
0.00863131
0.0087362
0.00379552
0.00472882
0.0077203
0.00571192
0.00977821
0.00671637
0.0092584
0.00664354
0.00965111
0.00774993
0.00572127
0.00965111
0.00572127
0.00376821
0.0030448
0.00661896
0.00965111
0.00176492
0.0061872
0.0106483
0.0047257
0.00773997
0.00272724
0.00671637
0.00558737
0.00376821
0.0106483
0.00965111
0.0047257
0.0107563
0.00977408
0.00558737
0.00576438
0.0105648
0.00268858
0.00877366
0.00675344
0.00378015
0.0047257
0.00770814
0.0061872
0.0105648
0.0105648
0.00273575
0.00259677
0.00572127
0.00863887
0.0016598
0.00362142
0.0107257
0.00379552
0.0106843
0.0106843
0.0010448
0.00777818
0.0040448
0.00560678
0.00777818
0.00469332
0.00671362
0.00272724
0.0087362
0.00950224
0.00863131
0.00374113
0.00870455
0.00950224
0.00777569
0.00174526
0.00457304
0.00671362
0.00671362
0.00175818
0.00669513
0.00870455
0.00567299
0.00177864
0.0047257
0.00272388
0.00977821
0.00378015
0.00576438
0.00278208
0.0106843
0.00177864
0.00671637
0.00176492
0.00950224
0.0061872
0.0077203
0.00870455
0.00369591
0.00177864
0.00172644
0.00776236
0.00272724
0.00176492
0.00776236
