0.190462
0.231925
1.05165
0.19013
0.792661
1.08232
0.552478
0.0844454
0.107879
0.00551259
0.432822
0.0959749
0.064595
0.00991407
0.146799
0.0871438
0.0431807
0.54753
0.1627
0.362742
0.0844454
1.0917
0.335943
1.54701
0.234474
1.51138
0.143605
0.215517
0.544027
0.0959749
0.19013
0.466464
0.757597
0.0884359
0.1627
0.00995249
0.0917037
0.258213
0.1627
0.82619
0.00995249
0.064595
0.335943
0.00551259
0.541694
0.19013
1.15815
1.21717
0.659132
0.62723
0.1627
0.107879
0.62723
0.0431807
0.0844454
0.4342
0.4342
0.552478
0.207745
0.0120553
1.82147
0.132677
0.00995249
0.0697593
0.0871438
0.643682
0.0884359
0.584483
0.584483
0.00551259
0.456393
0.112025
0.107879
0.0899205
1.15099
0.143605
0.351171
0.743424
0.0756774
0.0871438
1.0917
0.743424
0.238509
0.476215
0.143785
0.0871438
0.143785
0.4342
0.112025
0.362742
0.476215
0.207745
0.146799
1.54913
0.143785
0.19013
0.00991407
0.234474
1.0917
0.351171
1.15815
0.143785
0.432822
0.45359
0.792661
0.0844454
0.633171
0.123545
0.534945
0.717852
0.146799
0.0871438
0.552478
0.351171
0.235318
0.720709
0.476215
0.00551259
0.0959749
0.231925
