0.511743
0.860659
0.388344
0.281403
0.49037
0.635578
0.517749
0.00994353
0.0589063
0.382388
0.109606
0.0589063
0.122669
0.0802311
0.416057
0.281403
0.254612
0.265917
0.00994353
0.122669
0.0918171
0.2306
0.265917
0.0918171
0.272363
0.366725
0.281403
0.350874
0.540723
0.49037
0.0589063
0.413476
0.272363
0.00549916
0.19432
0.105451
0.122669
0.00549916
0.0120347
0.737269
0.410889
0.122669
0.675003
0.265917
0.416057
0.410889
0.275442
0.739262
0.265917
0.0755244
0.275442
0.0755244
1.45308
1.2322
0.174754
0.427323
0.141881
0.210561
0.224627
0.739262
0.860659
0.254612
1.45308
0.19432
1.89787
0.122669
0.413476
0.122669
0.0802311
0.190006
0.239446
0.542425
0.0849632
0.517749
0.190006
0.407012
0.2306
0.00990518
0.109606
0.0120347
0.427323
0.0765858
0.0765858
0.0849632
0.00549916
0.255036
0.321396
0.0755244
1.89787
0.224627
0.388344
0.965288
0.109606
0.0765858
0.265917
0.0733648
0.0589063
0.0918171
0.190006
0.141881
0.542425
0.860659
1.45308
0.45885
0.382388
0.45885
0.407012
0.675003
0.265917
0.542425
0.205867
0.255036
1.34686
0.105451
1.36193
0.19432
0.0733648
0.272363
0.106804
0.281403
