0.432822
0.0959749
1.15099
0.534945
0.643682
0.82619
0.45359
0.217315
1.82147
0.0431807
0.717852
0.123545
1.51138
0.0959749
0.19013
0.552478
0.1627
0.235318
0.544027
0.132677
0.362742
0.181841
0.19013
0.0844454
0.466464
0.132677
0.544027
0.215517
0.238509
0.544027
1.54913
0.633171
0.633171
1.0917
0.19013
0.514066
0.132677
0.476215
0.217315
0.299795
0.43982
0.362742
0.143785
0.0884359
0.466464
0.432822
0.215844
0.514066
0.351171
0.123545
0.132677
1.51138
0.235318
0.0756774
0.0959749
0.146799
0.107879
0.544027
0.064595
0.143605
0.351171
0.0884359
0.123545
0.146799
0.112025
0.146799
0.43982
0.123545
0.466464
0.107879
0.362742
0.0697593
0.513372
1.15099
0.207745
0.351171
0.123545
1.54701
0.757597
0.132677
0.00551259
0.146799
0.00550169
0.107879
1.15815
1.51138
0.00991407
0.181841
0.552478
0.269392
0.123545
1.54701
0.54753
0.456393
0.107879
0.258213
0.544027
0.454004
0.235318
0.107879
0.0756774
0.549799
0.1627
0.235318
0.284019
0.62723
0.234474
0.304184
0.541694
0.743424
0.0756774
1.15099
0.717852
0.146799
0.00550169
0.4342
0.362742
0.430074
0.143605
1.15815
