0.0899205
0.132677
0.584483
0.456393
0.466464
0.234474
0.299795
0.454004
0.299795
0.43982
0.0431807
0.064595
0.544027
0.215844
1.05165
0.235318
0.207745
0.541694
0.304184
0.534945
0.258213
0.0959749
0.19013
0.064595
0.720709
0.456393
0.0959749
0.215844
1.15815
0.743424
0.107879
0.143605
0.215517
0.064595
0.235318
0.00551259
0.351171
0.284019
0.0871438
0.0959749
0.146799
0.284019
0.0871438
0.633171
0.1627
0.1627
0.454004
0.43982
0.0431807
0.304184
0.235318
0.0959749
0.0959749
0.476215
0.552478
0.00550169
0.430074
0.146799
0.431556
0.659132
0.269392
0.62723
1.08232
0.430074
0.235318
0.231925
0.641013
0.792661
1.08232
0.432822
0.432822
0.351171
0.234474
0.064595
0.643682
0.0844454
0.362742
0.432822
0.335943
0.544027
0.717852
0.552478
0.1627
0.514066
0.633171
0.0959749
0.641013
0.190462
0.456393
0.534945
0.1627
1.54913
0.0844454
1.08232
0.633171
0.215844
0.335943
0.234474
0.0844454
0.132677
0.234474
0.231925
1.0917
0.335943
0.0884359
0.514066
0.00995249
0.0917037
0.064595
0.792661
1.08232
0.45359
0.476215
0.335943
0.351171
0.269392
0.207745
0.215844
0.234474
0.183296
