0.0755244
0.190006
0.211268
0.0589063
0.0120347
0.540723
0.190006
0.255036
0.53919
0.2306
0.210058
0.0849632
0.45885
0.410889
0.0802311
0.565228
0.281403
0.739262
0.0755244
0.511743
0.123464
0.2306
0.388344
0.2306
0.275442
0.407012
0.519671
0.00994353
0.737269
0.675003
0.19432
0.350874
0.239446
0.205867
0.382388
0.416057
0.0849632
0.205867
0.122669
0.53919
0.565228
0.210058
0.635578
0.860659
0.366725
0.2306
0.00990518
0.350874
0.302699
0.254612
0.239446
0.339071
0.542425
0.205867
0.224627
0.410889
0.388344
0.413476
0.860659
0.0765858
0.224627
0.2306
0.620209
0.258171
0.315952
0.265917
0.211268
0.45885
1.34686
0.00550813
0.542425
0.860659
0.860659
0.334569
0.0765858
0.519671
1.45308
0.53919
0.388344
0.205867
0.106999
0.519671
0.382388
0.123464
0.258171
0.334569
0.339071
0.210058
0.410889
0.211268
0.0120347
0.382388
0.265917
0.210561
0.45885
0.0849632
0.511743
0.190006
0.123464
0.210058
0.275442
0.0430073
0.410889
0.334569
0.109606
0.739262
0.0733648
0.45885
1.45308
0.542425
0.190006
0.737269
1.90903
0.45885
0.272363
0.0430073
0.174754
0.574594
0.860659
0.0765858
