0.335943
1.0917
0.0884359
0.432822
0.45359
0.19013
0.454004
0.45359
0.544027
1.0917
0.258213
0.235318
1.51138
0.541694
0.215844
0.123545
1.08232
1.14888
0.466464
1.82147
0.552478
0.0844454
0.132677
0.235318
0.0959749
0.549799
0.234474
0.4342
0.181841
0.431556
0.43982
0.641013
0.456393
1.51138
0.476215
0.0120553
1.54913
0.215844
0.181841
0.541694
0.190462
0.432822
0.132677
0.0120553
0.45359
0.720709
0.234474
0.231925
0.549799
0.466464
0.0120553
1.05165
1.15099
0.00991407
0.231925
0.235318
0.659132
0.454004
0.552478
0.454004
0.235318
0.235318
0.0884359
0.215517
0.112025
0.362742
0.112025
1.0917
0.335943
0.181841
0.0871438
0.0959749
0.0959749
0.0959749
0.430074
0.4342
0.717852
0.235318
0.466464
0.19013
0.0959749
0.54753
0.284019
1.21717
0.633171
0.235318
0.335943
0.00551259
0.143785
0.45359
1.51138
0.351171
0.00991407
0.0756774
0.132677
0.215517
1.15815
0.238509
0.269392
0.584483
0.235318
0.132677
0.552478
0.456393
0.181841
0.0959749
0.234474
0.107879
0.549799
0.112025
0.146799
0.4342
0.584483
0.62723
0.62723
1.51138
0.064595
0.19013
0.190462
1.08232
