0.0765858
0.105451
0.413476
0.190006
0.565228
1.34686
0.382388
0.675003
1.02197
0.0430073
0.635578
0.965288
0.141881
0.0120347
0.574594
0.00549916
0.109606
0.258171
0.210058
0.339071
0.519671
0.350874
0.205867
0.122669
0.49037
0.53919
0.540723
0.620209
0.106999
0.265917
0.190006
0.122669
0.635578
0.675003
0.335809
0.00550813
0.24327
0.410889
0.00990518
0.19432
0.565228
0.0918171
0.122669
0.122669
0.109606
0.205867
0.382388
0.382388
0.205867
0.174754
0.382388
0.0755244
0.122669
0.00994353
1.45308
0.210058
0.265917
0.224627
0.281403
0.2306
0.574594
0.407012
0.335809
0.335809
0.413476
0.265917
0.254612
0.224885
0.565228
0.106999
0.427323
0.210058
0.258171
1.02197
0.0802311
0.410889
0.382388
0.410889
0.410889
0.388344
0.0918171
0.275442
0.122669
0.19432
0.382388
0.620209
0.511743
0.00994353
0.105451
0.335809
0.0733648
0.00549916
0.211268
0.335809
0.190006
0.410889
0.302699
0.0755244
0.211268
0.0589063
0.382388
0.190006
0.620209
0.255036
0.407012
0.0765858
0.542425
0.382388
0.0849632
1.2322
0.0802311
0.00550813
0.737269
0.335809
0.0802311
0.265917
0.2306
0.122669
0.334569
0.965288
