0.542425
0.190006
0.205867
0.574594
0.275442
0.635578
0.542425
0.105451
0.739262
0.122669
0.190006
0.258171
0.574594
0.190006
0.574594
0.109606
1.02197
1.89787
0.540723
0.2306
0.174754
0.511743
1.36193
0.254612
0.109606
0.388344
0.224627
0.407012
0.00990518
0.416057
0.281403
0.255036
0.382388
0.281403
0.382388
1.2322
0.141881
0.106999
0.281403
0.210058
0.00549916
0.123464
0.860659
0.239446
0.542425
0.407012
0.2306
1.2322
0.123464
0.281403
0.860659
0.45885
0.49037
0.2306
0.350874
0.0589063
0.190006
0.565228
0.302699
0.574594
0.860659
0.272363
0.00549916
0.0589063
0.0589063
1.02197
0.321396
0.382388
0.105451
0.0802311
0.0765858
0.410889
1.36193
0.315952
0.315952
0.413476
0.675003
0.106804
0.0918171
0.675003
0.335809
0.334569
0.542425
0.511743
0.122669
0.174754
0.965288
0.205867
0.122669
0.635578
1.34686
0.265917
0.334569
0.334569
1.24026
0.339071
0.205867
0.19432
1.45308
0.860659
0.427323
0.224627
0.574594
0.350874
1.89787
0.315952
1.45308
0.407012
0.210058
0.122669
0.00549916
0.109606
0.205867
0.24327
1.45308
0.366725
0.53919
0.542425
0.210058
0.53919
