0.00707434
0.00907515
0.00802584
0.0060705
0.00107032
0.010065
0.0050662
0.00607092
0.00106783
0.00106472
0.00107257
0.0040726
0.00306511
0.00601872
0.00507033
0.010065
0.00306574
0.00405601
0.00405601
0.00405676
0.00905189
0.00106755
0.00707434
0.00605618
0.0100717
0.00107032
0.00507346
0.0100605
0.00706236
0.00706393
0.00306574
0.00300448
0.00407024
0.0020673
0.00407565
0.00306959
0.00407078
0.0100605
0.00306959
0.00200448
0.00207355
0.00306574
0.00706393
0.00806582
0.00902584
0.00806582
0.00405601
0.00807177
0.00607092
0.00106806
0.00306574
0.00307244
0.00306511
0.00100448
0.00907159
0.00705492
0.00106472
0.00106783
0.00107103
0.00306902
0.00802584
0.0050662
0.0040726
0.00706508
0.00706393
0.00806504
0.00605618
0.00705492
0.00907364
0.00807197
0.010065
0.00107257
0.00405676
0.00107313
0.00607159
0.00605618
0.00706393
0.00807177
0.00306959
0.00607159
0.010055
0.00400448
0.00405676
0.00200448
0.0040755
0.00306959
0.00306574
0.00807177
0.00506718
0.0050662
0.00106806
0.00607092
0.00905189
0.0020673
0.00605722
0.00807138
0.00907159
0.00506718
0.00400448
0.00306902
0.0100717
0.00607159
0.0050662
0.00607092
0.00907515
0.00605618
0.00605722
0.00200448
0.00106806
0.00405601
0.00706236
0.00507033
0.00607076
0.0040755
0.00805906
0.00905189
0.00706393
0.00505639
0.0100691
0.00506718
