0.0080729
0.00707301
0.00706508
0.00905189
0.00207328
0.00705492
0.00907159
0.00300448
0.00207299
0.00805906
0.00902584
0.0020673
0.00607159
0.00807138
0.00206068
0.00207355
0.00106783
0.00405676
0.00601872
0.00706508
0.010055
0.010055
0.00307244
0.00307244
0.0020673
0.00805906
0.00206068
0.0040726
0.00707161
0.00107032
0.0060705
0.00405601
0.00605618
0.00707005
0.00706393
0.00207087
0.00706393
0.0060705
0.00607076
0.00905924
0.00907515
0.00807197
0.00105907
0.00707005
0.00505639
0.0050662
0.010055
0.00905189
0.00905924
0.0060705
0.00106755
0.00907515
0.00506718
0.00806206
0.00307244
0.00605618
0.00100448
0.00706508
0.00507315
0.00507121
0.0040755
0.00405676
0.0060705
0.00905189
0.00306437
0.00507033
0.00601872
0.0040755
0.0040726
0.00507121
0.00905189
0.00705492
0.00505639
0.00607076
0.00405676
0.010065
0.00905189
0.00507315
0.00105907
0.00507121
0.00601872
0.0100717
0.00405676
0.0040726
0.00706236
0.00707161
0.00705492
0.00907515
0.00907159
0.00607076
0.00707161
0.00707005
0.00307244
0.010055
0.00707161
0.00507346
0.0050662
0.00507346
0.00106755
0.010055
0.00605618
0.00807097
0.00407214
0.0100717
0.00106806
0.00407214
0.00505639
0.0100724
0.00607159
0.00707161
0.00806206
0.0040755
0.00905189
0.0060705
0.00306959
0.0050662
0.00507346
0.00907515
0.00806206
0.00501872
