0.00407565
0.00407565
0.0060705
0.00407078
0.00707434
0.0100691
0.00707005
0.00907515
0.00505639
0.00706236
0.00607092
0.00405676
0.00905189
0.00507121
0.00807177
0.010055
0.00306959
0.00705492
0.00907515
0.0020586
0.00306511
0.00807138
0.00705492
0.0060705
0.00907364
0.00907159
0.00306574
0.00805906
0.0100045
0.00907364
0.00706508
0.00507346
0.00105907
0.00207328
0.00807097
0.00505639
0.00207087
0.00506718
0.00505639
0.00407214
0.0100724
0.00905924
0.00807197
0.00100448
0.00807097
0.00306959
0.0100605
0.0100717
0.00907515
0.00306437
0.00300448
0.00106783
0.00807197
0.0080729
0.00405676
0.00407078
0.00507346
0.00802584
0.00905189
0.00907159
0.00106755
0.0060705
0.00907515
0.00905924
0.0080729
0.0100605
0.00605618
0.00207042
0.00807097
0.00607076
0.00306574
0.00105907
0.00106472
0.00605618
0.00907159
0.0020704
0.0040755
0.00405676
0.00905189
0.00507315
0.00806206
0.0020673
0.0100691
0.0020704
0.00106806
0.00807138
0.00807197
0.00306511
0.00706236
0.00507121
0.00106472
0.00400448
0.00805906
0.00707161
0.00706508
0.00307244
0.0040726
0.0100605
0.00306902
0.00707005
0.0100724
0.00400448
0.0100605
0.00306437
0.00207355
0.00806504
0.0100691
0.00100448
0.00706393
0.0100717
0.00306437
0.00905189
0.00507315
0.00802584
0.0040755
0.00706508
0.00807138
0.00106472
0.00106755
0.00407565
