0.0077203
0.0077203
0.0105648
0.00174526
0.0106483
0.0046965
0.00171278
0.00175818
0.00268858
0.00773026
0.00676018
0.00362142
0.00171278
0.00379563
0.00873541
0.00873819
0.00457304
0.00669513
0.00377588
0.0037415
0.00477663
0.00558737
0.00667568
0.00950224
0.00477663
0.00469884
0.00965111
0.00758598
0.00773997
0.00463575
0.00978945
0.00273852
0.00268858
0.0107257
0.00965111
0.00272388
0.00571192
0.00558737
0.00278484
0.00377588
0.00772282
0.00772282
0.00360676
0.0037415
0.00272724
0.00469884
0.0077203
0.00671362
0.00773997
0.00965111
0.00671362
0.00560678
0.0107563
0.0082584
0.00863131
0.0077203
0.0105648
0.0107257
0.00965111
0.00377821
0.00575651
0.00377821
0.00977138
0.00172644
0.00377821
0.00175818
0.0082584
0.00259677
0.00747253
0.00457304
0.00669513
0.00172644
0.0085592
0.00671362
0.00663332
0.00377588
0.00272388
0.00575651
0.00477663
0.00360676
0.00773997
0.00176492
0.00863887
0.0020448
0.00272724
0.00682041
0.0086694
0.00175818
0.00873541
0.00369591
0.00863887
0.00667568
0.0106773
0.00457304
0.00667568
0.00873819
0.00268858
0.00362142
0.00175818
0.00873819
0.00377821
0.0106773
0.00873819
0.00278484
0.0105648
0.00863887
0.00268858
0.00490661
0.00272724
0.00671362
0.00273852
0.0106483
0.00965111
0.0107257
0.00979078
0.0107257
0.00558737
0.00457304
0.00977138
0.0092584
